
// =================================================
//
//  !!! Auto-generated !!!
//
//
//    BranchSpecDataSummary.js
//
// BranchSpec.getSummary()
//
// =================================================

import { BranchSpec } from './BranchSpec.js';
import { Util } from '../Util/Util.js';


BranchSpec.ComputedSummary = Util.deepFreeze({
		

  "aspen": {

	"1h8": { maxHeight:7.7826, baseRadius:0.0919, cut0Radius:0.0866,
	  logs:[
		{ r:0.0866, rMin:0.0778, l:0.9, cutoff:[0.00201933,0.99999607,-0.00194662,0,-0.99999607,0.00202311,
 			0.00194268,0,0.00194662,0.00194268,0.99999622,0,0.00200481,0.95,-0.00574172,1] },
		{ r:0.0768, rMin:0.0669, l:0.9, cutoff:[0.00194119,0.99998636,0.00484958,0,-0.99998636,0.00196467,
 			-0.00484012,0,-0.00484958,-0.00484012,0.99997653,0,0.00398513,1.95,-0.00429175,1] },
		{ r:0.0658, rMin:0.0519, l:0.9, cutoff:[-0.00042568,0.99999991,-0.00009183,0,-0.99999991,-0.00042567,
 			0.00009187,0,0.00009183,0.00009187,0.99999999,0,0.00486124,2.95,-0.00166577,1] },
		{ r:0.0509, rMin:0.0423, l:0.9, cutoff:[-0.00280222,0.99998337,-0.00504078,0,-0.99998337,-0.00277674,
 			0.00505486,0,0.00504078,0.00505486,0.99997452,0,0.00312844,3.95,-0.00447957,1] },
		{ r:0.0413, rMin:0.0307, l:0.9, cutoff:[-0.00172726,0.99997401,0.00699982,0,-0.99997401,-0.00167818,
 			-0.00701175,0,-0.00699982,-0.00701175,0.99995092,0,0.00086365,4.95,-0.00349999,1] },
	  ],
	  cuts:[ { r: 0.0875 }, { r: 0.0776 }, { r: 0.0664 }, { r: 0.0546 }, { r: 0.0437 }, { r: 0.0312 }, ],
	},
	"1h7": { maxHeight:7.4146, baseRadius:0.0842, cut0Radius:0.0802,
	  logs:[
		{ r:0.0802, rMin:0.0735, l:0.9, cutoff:[0.00201938,0.99999592,-0.00201861,0,-0.99999592,0.00202344,
 			0.00201454,0,0.00201861,0.00201454,0.99999593,0,0.00200485,0.95,-0.00556751,1] },
		{ r:0.0725, rMin:0.0625, l:0.9, cutoff:[0.00194124,0.99998633,0.00485492,0,-0.99998633,0.00196476,
 			-0.00484545,0,-0.00485492,-0.00484545,0.99997648,0,0.00398522,1.95,-0.0041518,1] },
		{ r:0.0614, rMin:0.0484, l:0.9, cutoff:[-0.00042596,0.9999999,-0.00013689,0,-0.9999999,-0.00042594,
 			0.00013695,0,0.00013689,0.00013695,0.99999998,0,0.00486123,2.95,-0.00154316,1] },
		{ r:0.0476, rMin:0.0403, l:0.9, cutoff:[-0.00280209,0.99998287,-0.00513823,0,-0.99998287,-0.00277561,
 			0.00515258,0,0.00513823,0.00515258,0.99997352,0,0.00312838,3.95,-0.00443084,1] },
		{ r:0.0393, rMin:0.029, l:0.9, cutoff:[-0.00172726,0.99997401,0.00699982,0,-0.99997401,-0.00167818,
 			-0.00701175,0,-0.00699982,-0.00701175,0.99995092,0,0.00086365,4.95,-0.00349999,1] },
	  ],
	  cuts:[ { r: 0.0809 }, { r: 0.0732 }, { r: 0.0619 }, { r: 0.0509 }, { r: 0.0416 }, { r: 0.0295 }, ],
	},
	"1h6": { maxHeight:6.6094, baseRadius:0.0728, cut0Radius:0.0698,
	  logs:[
		{ r:0.0698, rMin:0.0648, l:0.9, cutoff:[0.00342838,0.99999163,0.00223445,0,-0.99999163,0.00343336,
 			-0.0022268,0,-0.00223445,-0.0022268,0.99999502,0,0.00369758,0.95,-0.00084308,1] },
		{ r:0.064, rMin:0.0516, l:0.9, cutoff:[-0.01111876,0.9998351,0.01435745,0,-0.9998351,-0.0109103,
 			-0.01451649,0,-0.01435745,-0.01451649,0.99979155,0,-0.00012418,1.95,0.00744206,1] },
		{ r:0.0508, rMin:0.0431, l:0.9, cutoff:[0.00104752,0.99999575,-0.00272232,0,-0.99999575,0.00105493,
 			0.00271946,0,0.00272232,0.00271946,0.9999926,0,-0.00576912,2.95,0.01411491,1] },
		{ r:0.0422, rMin:0.0342, l:0.9, cutoff:[0.01321191,0.99971668,-0.01979888,0,-0.99971668,0.01359879,
 			0.01953517,0,0.01979888,0.01953517,0.99961312,0,0.00197088,3.95,0.00199739,1] },
	  ],
	  cuts:[ { r: 0.0702 }, { r: 0.0644 }, { r: 0.0542 }, { r: 0.0446 }, { r: 0.0351 }, ],
	},
	"1h5": { maxHeight:5.34, baseRadius:0.0637, cut0Radius:0.0602,
	  logs:[
		{ r:0.0602, rMin:0.0542, l:0.9, cutoff:[0.00324826,0.99999239,0.00216299,0,-0.99999239,0.00325292,
 			-0.00215597,0,-0.00216299,-0.00215597,0.99999534,0,0.00374566,0.95,-0.0006286,1] },
		{ r:0.0532, rMin:0.0394, l:0.9, cutoff:[-0.0172968,0.99959992,0.02237907,0,-0.99959992,-0.01678717,
 			-0.02276386,0,-0.02237907,-0.02276386,0.99949036,0,-0.00325054,1.95,0.01162817,1] },
		{ r:0.0384, rMin:0.0308, l:0.9, cutoff:[0.02224008,0.99919698,-0.03332815,0,-0.99919698,0.02332668,
 			0.03257688,0,0.03332815,0.03257688,0.9989134,0,-0.00077342,2.95,0.00614471,1] },
	  ],
	  cuts:[ { r: 0.0606 }, { r: 0.0535 }, { r: 0.0407 }, { r: 0.0313 }, ],
	},
	"1h4": { maxHeight:4.3347, baseRadius:0.0533, cut0Radius:0.0458,
	  logs:[
		{ r:0.0458, rMin:0.0371, l:0.9, cutoff:[0.00227923,0.9999956,-0.00189921,0,-0.9999956,0.00228283,
 			0.00189488,0,0.00189921,0.00189488,0.9999964,0,0.00221867,0.95,-0.00184876,1] },
		{ r:0.036, rMin:0.0258, l:0.9, cutoff:[-0.01220246,0.99985201,0.01212655,0,-0.99985201,-0.01205359,
 			-0.01227454,0,-0.01212655,-0.01227454,0.99985113,0,-0.0027436,1.95,0.00326564,1] },
	  ],
	  cuts:[ { r: 0.0486 }, { r: 0.0381 }, { r: 0.026 }, ],
	},
	"1h3": { maxHeight:3.0764, baseRadius:0.0429, cut0Radius:0.0349,
	  logs:[
		{ r:0.0349, rMin:0.0274, l:0.9, cutoff:[0.00251713,0.99999463,-0.00209951,0,-0.99999463,0.00252152,
 			0.00209423,0,0.00209951,0.00209423,0.9999956,0,0.00123497,0.95,-0.00102802,1] },
	  ],
	  cuts:[ { r: 0.0369 }, { r: 0.0278 }, ],
	},
	"1h2": { maxHeight:1.8412, baseRadius:0.026, cut0Radius:0.0221,
	  logs:[
	  ],
	  cuts:[ { r: 0.0225 }, ],
	},
	"1h1": { maxHeight:0.905, baseRadius:0.0192, cut0Radius:0.0115,
	  logs:[
	  ],
	  cuts:[ { r: 0.0123 }, ],
	},
	"2h8": { maxHeight:8.209, baseRadius:0.1062, cut0Radius:0.0964,
	  logs:[
		{ r:0.0964, rMin:0.085, l:0.9, cutoff:[-0.0029993,0.99998581,0.00440299,0,-0.99998581,-0.00297986,
 			-0.00441617,0,-0.00440299,-0.00441617,0.99998056,0,-0.00149875,0.95,-0.00288138,1] },
		{ r:0.0838, rMin:0.0721, l:0.9, cutoff:[0.01300615,0.99991417,-0.00157993,0,-0.99991417,0.01300861,
 			0.00155952,0,0.00157993,0.00155952,0.99999754,0,0.00349636,1.95,-0.00146917,1] },
		{ r:0.0708, rMin:0.0586, l:0.9, cutoff:[-0.01699676,0.9998098,-0.00956468,0,-0.9998098,-0.01690369,
 			0.00972821,0,0.00956468,0.00972821,0.99990694,0,0.0015,2.95,-0.00704245,1] },
		{ r:0.0574, rMin:0.0442, l:0.9, cutoff:[0.01699137,0.99949607,0.02681223,0,-0.99949607,0.01769825,
 			-0.02635098,0,-0.02681223,-0.02635098,0.99929312,0,0.00149997,3.95,0.00158717,1] },
		{ r:0.0432, rMin:0.0345, l:0.9, cutoff:[-0.01998971,0.99948789,-0.0249873,0,-0.99948789,-0.01935261,
 			0.02548392,0,0.0249873,0.02548392,0.9993629,0,-0.00000005,4.95,0.00249998,1] },
	  ],
	  cuts:[ { r: 0.0978 }, { r: 0.0848 }, { r: 0.0717 }, { r: 0.0579 }, { r: 0.0458 }, { r: 0.0354 }, ],
	},
	"2h6": { maxHeight:6.363, baseRadius:0.0759, cut0Radius:0.0698,
	  logs:[
		{ r:0.0698, rMin:0.0579, l:0.9, cutoff:[-0.00299997,0.99999365,0.00192447,0,-0.99999365,-0.00299625,
 			-0.00193025,0,-0.00192447,-0.00193025,0.99999629,0,-0.0015,0.95,-0.00176466,1] },
		{ r:0.057, rMin:0.0491, l:0.9, cutoff:[0.00699978,0.99997518,0.00080277,0,-0.99997518,0.00700042,
 			-0.00079717,0,-0.00080277,-0.00079717,0.99999936,0,0.00049998,1.95,-0.00040103,1] },
		{ r:0.0482, rMin:0.0363, l:0.9, cutoff:[-0.00399972,0.999942,-0.00999969,0,-0.999942,-0.00389933,
 			0.01003927,0,0.00999969,0.01003927,0.9998996,0,0.00199998,2.95,-0.00499977,1] },
	  ],
	  cuts:[ { r: 0.0706 }, { r: 0.0573 }, { r: 0.0511 }, { r: 0.0372 }, ],
	},
	"2h4": { maxHeight:3.7367, baseRadius:0.0522, cut0Radius:0.0453,
	  logs:[
		{ r:0.0453, rMin:0.0373, l:0.9, cutoff:[0,1,0.00000008,0,-1,0,
 			-0.00000008,0,-0.00000008,-0.00000008,1,0,-0,0.95,0.00000009,1] },
	  ],
	  cuts:[ { r: 0.0479 }, { r: 0.0383 }, ],
	},
	"2h2": { maxHeight:1.5, baseRadius:0.0227, cut0Radius:0.0177,
	  logs:[
	  ],
	  cuts:[ { r: 0.0182 }, ],
	},
	"2h1": { maxHeight:0.7641, baseRadius:0.0161, cut0Radius:0.0097,
	  logs:[
	  ],
	  cuts:[ { r: 0.0103 }, ],
	},
	"21h8": { maxHeight:8.0015, baseRadius:0.0967, cut0Radius:0.088,
	  logs:[
		{ r:0.088, rMin:0.0808, l:0.9, cutoff:[-0.0029993,0.99998645,0.00425553,0,-0.99998645,-0.00298114,
 			-0.00426827,0,-0.00425553,-0.00426827,0.99998184,0,-0.00149883,0.95,-0.00267665,1] },
		{ r:0.0797, rMin:0.0668, l:0.9, cutoff:[0.0130058,0.99991424,-0.0015363,0,-0.99991424,0.01300813,
 			0.00151645,0,0.0015363,0.00151645,0.99999767,0,0.00349653,1.95,-0.00131885,1] },
		{ r:0.0656, rMin:0.0562, l:0.9, cutoff:[-0.01699674,0.99980886,-0.00966243,0,-0.99980886,-0.01690177,
 			0.00982762,0,0.00966243,0.00982762,0.99990502,0,0.00149999,2.95,-0.00691921,1] },
		{ r:0.0552, rMin:0.0433, l:0.9, cutoff:[0.01699141,0.99949806,0.02673798,0,-0.99949806,0.01769439,
 			-0.02627806,0,-0.02673798,-0.02627806,0.99929702,0,0.00149997,3.95,0.00162435,1] },
		{ r:0.0424, rMin:0.0345, l:0.9, cutoff:[-0.01998972,0.99948789,-0.02498731,0,-0.99948789,-0.01935262,
 			0.02548394,0,0.02498731,0.02548394,0.9993629,0,-0.00000005,4.95,0.00249999,1] },
	  ],
	  cuts:[ { r: 0.0891 }, { r: 0.0806 }, { r: 0.0663 }, { r: 0.0555 }, { r: 0.0449 }, { r: 0.0354 }, ],
	},
	"21h6": { maxHeight:5.9136, baseRadius:0.0679, cut0Radius:0.0619,
	  logs:[
		{ r:0.0619, rMin:0.0527, l:0.9, cutoff:[-0.00299995,0.99998614,0.0043268,0,-0.99998614,-0.00298117,
 			-0.00433976,0,-0.0043268,-0.00433976,0.99998122,0,-0.0015,0.95,-0.00080512,1] },
		{ r:0.052, rMin:0.0441, l:0.9, cutoff:[0.01415552,0.99989888,-0.00135824,0,-0.99989888,0.01415734,
 			0.00133915,0,0.00135824,0.00133915,0.99999818,0,0.00409101,1.95,0.00067913,1] },
		{ r:0.0433, rMin:0.0329, l:0.9, cutoff:[-0.01099836,0.99985503,-0.01299807,0,-0.99985503,-0.01082754,
 			0.01314072,0,0.01299807,0.01314072,0.99982917,0,0.00549998,2.95,-0.00650004,1] },
	  ],
	  cuts:[ { r: 0.0625 }, { r: 0.0521 }, { r: 0.0458 }, { r: 0.0335 }, ],
	},
	"22h8": { maxHeight:7.5077, baseRadius:0.0821, cut0Radius:0.0747,
	  logs:[
		{ r:0.0747, rMin:0.0662, l:0.9, cutoff:[-0.00599853,0.99994755,0.00830167,0,-0.99994755,-0.0059292,
 			-0.00835133,0,-0.00830167,-0.00835133,0.99993067,0,-0.002998,0.95,-0.00022988,1] },
		{ r:0.0653, rMin:0.0579, l:0.9, cutoff:[0.02600193,0.99964546,-0.00573227,0,-0.99964546,0.02603396,
 			0.00558501,0,0.00573227,0.00558501,0.99996797,0,0.00699442,1.95,0.00105594,1] },
		{ r:0.057, rMin:0.0478, l:0.9, cutoff:[-0.03996032,0.99900799,-0.01965211,0,-0.99900799,-0.03955804,
 			0.0204498,0,0.01965211,0.0204498,0.99959772,0,0,2.95,-0.01164702,1] },
		{ r:0.047, rMin:0.0394, l:0.9, cutoff:[0.04290356,0.99775782,0.05136739,0,-0.99775782,0.04543362,
 			-0.04914377,0,-0.05136739,-0.04914377,0.99746994,0,0.00149999,3.95,0.00425858,1] },
		{ r:0.0388, rMin:0.0312, l:0.9, cutoff:[-0.03290158,0.99701889,-0.06979129,0,-0.99701889,-0.02786505,
 			0.07195052,0,0.06979129,0.07195052,0.99496347,0,0.00649998,4.95,-0.00500002,1] },
	  ],
	  cuts:[ { r: 0.0756 }, { r: 0.0658 }, { r: 0.0574 }, { r: 0.0471 }, { r: 0.0409 }, { r: 0.0316 }, ],
	},
	"22h6": { maxHeight:5.7473, baseRadius:0.0556, cut0Radius:0.0512,
	  logs:[
		{ r:0.0512, rMin:0.0468, l:0.9, cutoff:[-0.00299995,0.99998685,0.00415841,0,-0.99998685,-0.00298261,
 			-0.00417087,0,-0.00415841,-0.00417087,0.99998266,0,-0.0015,0.95,-0.00053781,1] },
		{ r:0.0464, rMin:0.0409, l:0.9, cutoff:[0.01399857,0.99990083,-0.00154126,0,-0.99990083,0.01400091,
 			0.00151983,0,0.00154126,0.00151983,0.99999766,0,0.00399998,1.95,0.00077071,1] },
		{ r:0.0403, rMin:0.0327, l:0.9, cutoff:[-0.01099837,0.99985503,-0.01299814,0,-0.99985503,-0.01082754,
 			0.01314079,0,0.01299814,0.01314079,0.99982917,0,0.00549998,2.95,-0.00650001,1] },
	  ],
	  cuts:[ { r: 0.0514 }, { r: 0.0462 }, { r: 0.0424 }, { r: 0.0335 }, ],
	},
	"22h4": { maxHeight:3.5227, baseRadius:0.0423, cut0Radius:0.0379,
	  logs:[
		{ r:0.0379, rMin:0.0334, l:0.9, cutoff:[-0,1,0,0,-1,-0,
 			-0,0,-0,-0,1,0,0,0.95,-0,1] },
	  ],
	  cuts:[ { r: 0.0398 }, { r: 0.0342 }, ],
	},
	"3h9": { maxHeight:8.5963, baseRadius:0.1176, cut0Radius:0.1119,
	  logs:[
		{ r:0.1119, rMin:0.1033, l:0.9, cutoff:[0.00000008,0.99999995,0.00030468,0,-0.99999995,0.00000018,
 			-0.00030468,0,-0.00030468,-0.00030468,0.99999991,0,0.00000008,0.95,-0.00341848,1] },
		{ r:0.102, rMin:0.0874, l:0.9, cutoff:[-0.00000012,0.99999986,0.00052092,0,-0.99999986,0.00000015,
 			-0.00052092,0,-0.00052092,-0.00052092,0.99999973,0,0.00000006,1.95,-0.00300568,1] },
		{ r:0.0861, rMin:0.0765, l:0.9, cutoff:[0.00599981,0.9999619,0.00634009,0,-0.9999619,0.00603977,
 			-0.00630204,0,-0.00634009,-0.00630204,0.99996004,0,0.00300003,2.95,0.00042495,1] },
		{ r:0.0751, rMin:0.0546, l:0.9, cutoff:[-0.01599789,0.99986556,-0.00359463,0,-0.99986556,-0.01598476,
 			0.00365258,0,0.00359463,0.00365258,0.99998687,0,-0.00199998,3.95,0.00179756,1] },
		{ r:0.0532, rMin:0.043, l:0.9, cutoff:[0.019995,0.99975009,-0.0099975,0,-0.99975009,0.02009299,
 			0.00979907,0,0.0099975,0.00979907,0.99990201,0,0.00000001,4.95,-0.005,1] },
		{ r:0.042, rMin:0.0361, l:0.9, cutoff:[-0.01886371,0.99977758,0.00943186,0,-0.99977758,-0.01877304,
 			-0.00961106,0,-0.00943186,-0.00961106,0.99990933,0,0.00056603,5.95,-0.00528302,1] },
	  ],
	  cuts:[ { r: 0.1133 }, { r: 0.1034 }, { r: 0.0872 }, { r: 0.076 }, { r: 0.0568 }, { r: 0.0445 }, { r: 0.0372 }, ],
	},
	"3h7": { maxHeight:6.91, baseRadius:0.0883, cut0Radius:0.0826,
	  logs:[
		{ r:0.0826, rMin:0.0732, l:0.9, cutoff:[0.00000001,0.99999995,0.00032961,0,-0.99999995,0.00000012,
 			-0.00032961,0,-0.00032961,-0.00032961,0.99999989,0,0.00000001,0.95,-0.00247191,1] },
		{ r:0.072, rMin:0.0547, l:0.9, cutoff:[-0.00000001,0.99999734,0.00230651,0,-0.99999734,0.00000531,
 			-0.0023065,0,-0.00230651,-0.0023065,0.99999468,0,0.00000001,1.95,-0.00115692,1] },
		{ r:0.0537, rMin:0.0479, l:0.9, cutoff:[-0.00000001,1,-0.00000003,0,-1,-0.00000001,
 			0.00000003,0,0.00000003,0.00000003,1,0,0,2.95,0.00000001,1] },
		{ r:0.047, rMin:0.037, l:0.9, cutoff:[0,1,0.00000001,0,-1,0,
 			-0.00000001,0,-0.00000001,-0.00000001,1,0,0,3.95,-0,1] },
	  ],
	  cuts:[ { r: 0.0835 }, { r: 0.0727 }, { r: 0.0571 }, { r: 0.0498 }, { r: 0.038 }, ],
	},
	"3h5": { maxHeight:5.1305, baseRadius:0.0571, cut0Radius:0.0507,
	  logs:[
		{ r:0.0507, rMin:0.0444, l:0.9, cutoff:[-0,0.99999976,0.00068918,0,-0.99999976,0.00000047,
 			-0.00068918,0,-0.00068918,-0.00068918,0.99999953,0,0,0.95,0.00065541,1] },
		{ r:0.0436, rMin:0.0359, l:0.9, cutoff:[-0.00282535,0.99997428,-0.00659249,0,-0.99997428,-0.00278177,
 			0.006611,0,0.00659249,0.006611,0.99995642,0,-0.00141271,1.95,-0.00229632,1] },
	  ],
	  cuts:[ { r: 0.0537 }, { r: 0.0461 }, { r: 0.0369 }, ],
	},
	"3h3": { maxHeight:2.7101, baseRadius:0.0377, cut0Radius:0.0305,
	  logs:[
	  ],
	  cuts:[ { r: 0.0312 }, ],
	},
	"3h2": { maxHeight:1.5956, baseRadius:0.0273, cut0Radius:0.0209,
	  logs:[
	  ],
	  cuts:[ { r: 0.0215 }, ],
	},
	"3h1": { maxHeight:1.0576, baseRadius:0.0191, cut0Radius:0.013,
	  logs:[
	  ],
	  cuts:[ { r: 0.0136 }, ],
	},
	"31h9": { maxHeight:8.801, baseRadius:0.1201, cut0Radius:0.1143,
	  logs:[
		{ r:0.1143, rMin:0.1055, l:0.9, cutoff:[0.00000008,0.99997977,0.00636132,0,-0.99997977,0.00004055,
 			-0.00636119,0,-0.00636132,-0.00636119,0.99995953,0,0.00000008,0.95,-0.0058811,1] },
		{ r:0.1038, rMin:0.0891, l:0.9, cutoff:[-0.00000012,0.9999551,-0.0094766,0,-0.9999551,0.00008969,
 			0.00947618,0,0.0094766,0.00947618,0.99991019,0,0.00000006,1.95,-0.00806106,1] },
		{ r:0.0874, rMin:0.0711, l:0.9, cutoff:[0.00599912,0.99984457,0.0165787,0,-0.99984457,0.00627233,
 			-0.01647727,0,-0.0165787,-0.01647727,0.99972679,0,0.00300003,2.95,-0.00450894,1] },
		{ r:0.0695, rMin:0.0533, l:0.9, cutoff:[-0.01599788,0.99986488,-0.00378118,0,-0.99986488,-0.01598335,
 			0.00384214,0,0.00378118,0.00384214,0.99998547,0,-0.00199997,3.95,0.00189085,1] },
		{ r:0.0521, rMin:0.0409, l:0.9, cutoff:[0.019995,0.99975009,-0.0099975,0,-0.99975009,0.02009299,
 			0.00979907,0,0.0099975,0.00979907,0.99990201,0,0.00000001,4.95,-0.005,1] },
		{ r:0.0397, rMin:0.0296, l:0.9, cutoff:[-0.01414769,0.99977135,0.01603406,0,-0.99977135,-0.01388691,
 			-0.01626044,0,-0.01603406,-0.01626044,0.99973922,0,0.00292452,5.95,-0.00198113,1] },
	  ],
	  cuts:[ { r: 0.1172 }, { r: 0.1054 }, { r: 0.0887 }, { r: 0.0704 }, { r: 0.0554 }, { r: 0.0421 }, { r: 0.0301 }, ],
	},
	"31h7": { maxHeight:7.11, baseRadius:0.0847, cut0Radius:0.0798,
	  logs:[
		{ r:0.0798, rMin:0.0728, l:0.9, cutoff:[0,0.99999966,0.00082851,0,-0.99999966,0.00000069,
 			-0.00082851,0,-0.00082851,-0.00082851,0.99999931,0,-0,0.95,-0.00267518,1] },
		{ r:0.0717, rMin:0.054, l:0.9, cutoff:[0.00000001,0.99999739,0.00228626,0,-0.99999739,0.00000523,
 			-0.00228625,0,-0.00228626,-0.00228625,0.99999477,0,0,1.95,-0.00114675,1] },
		{ r:0.053, rMin:0.0464, l:0.9, cutoff:[-0.00499988,0.999975,0.00499984,0,-0.999975,-0.00497476,
 			-0.00502484,0,-0.00499984,-0.00502484,0.99997488,0,-0.002492,2.95,0.00249202,1] },
		{ r:0.0454, rMin:0.0346, l:0.9, cutoff:[0.004724,0.99997768,-0.00472399,0,-0.99997768,0.00474621,
 			0.00470168,0,0.00472399,0.00470168,0.99997779,0,-0.0026455,3.95,0.0026455,1] },
	  ],
	  cuts:[ { r: 0.0805 }, { r: 0.0723 }, { r: 0.0563 }, { r: 0.0481 }, { r: 0.0353 }, ],
	},
	"31h5": { maxHeight:5.23, baseRadius:0.0635, cut0Radius:0.0536,
	  logs:[
		{ r:0.0536, rMin:0.0468, l:0.9, cutoff:[-0,0.99998978,0.00451997,0,-0.99998978,0.00002043,
 			-0.00451993,0,-0.00451997,-0.00451993,0.99997957,0,0,0.95,-0.00361112,1] },
		{ r:0.0459, rMin:0.0368, l:0.9, cutoff:[-0.00215676,0.99999424,-0.00261976,0,-0.99999424,-0.00214988,
 			0.0026254,0,0.00261976,0.0026254,0.99999312,0,-0.0010719,1.95,-0.00249645,1] },
	  ],
	  cuts:[ { r: 0.0598 }, { r: 0.0498 }, { r: 0.0377 }, ],
	},
	"4h9": { maxHeight:8.548, baseRadius:0.1131, cut0Radius:0.107,
	  logs:[
		{ r:0.107, rMin:0.0977, l:0.9, cutoff:[0,0.99999995,0.00032986,0,-0.99999995,0.00000011,
 			-0.00032986,0,-0.00032986,-0.00032986,0.99999989,0,0,0.95,-0.00325062,1] },
		{ r:0.0966, rMin:0.0847, l:0.9, cutoff:[-0,0.99995413,-0.00957754,0,-0.99995413,0.00009173,
 			0.0095771,0,0.00957754,0.0095771,0.99990827,0,0,1.95,-0.00787468,1] },
		{ r:0.0837, rMin:0.0759, l:0.9, cutoff:[0.0059991,0.99984957,0.01627402,0,-0.99984957,0.00626237,
 			-0.01617453,0,-0.01627402,-0.01617453,0.99973674,0,0.003,2.95,-0.00452544,1] },
		{ r:0.0746, rMin:0.0536, l:0.9, cutoff:[-0.01599785,0.9998655,-0.0036123,0,-0.9998655,-0.01598459,
 			0.00367054,0,0.0036123,0.00367054,0.99998674,0,-0.002,3.95,0.00180639,1] },
		{ r:0.0522, rMin:0.0431, l:0.9, cutoff:[0.019995,0.99975009,-0.0099975,0,-0.99975009,0.02009299,
 			0.00979907,0,0.0099975,0.00979907,0.99990201,0,0.00000001,4.95,-0.005,1] },
		{ r:0.0418, rMin:0.0275, l:0.9, cutoff:[-0.00943311,0.99991101,0.00943312,0,-0.99991101,-0.00934328,
 			-0.00952211,0,-0.00943312,-0.00952211,0.99991017,0,0.00528302,5.95,-0.00528302,1] },
	  ],
	  cuts:[ { r: 0.1083 }, { r: 0.0978 }, { r: 0.0846 }, { r: 0.0754 }, { r: 0.0557 }, { r: 0.0445 }, { r: 0.0275 }, ],
	},
	"4h7": { maxHeight:6.951, baseRadius:0.0862, cut0Radius:0.0802,
	  logs:[
		{ r:0.0802, rMin:0.0701, l:0.9, cutoff:[0,0.99999994,0.00035224,0,-0.99999994,0.00000012,
 			-0.00035224,0,-0.00035224,-0.00035224,0.99999988,0,-0,0.95,-0.00238303,1] },
		{ r:0.069, rMin:0.0546, l:0.9, cutoff:[0.00000001,0.99999757,0.00220338,0,-0.99999757,0.00000486,
 			-0.00220337,0,-0.00220338,-0.00220337,0.99999515,0,0,1.95,-0.00110519,1] },
		{ r:0.0537, rMin:0.0466, l:0.9, cutoff:[-0.00000001,1,-0.00000004,0,-1,-0.00000001,
 			0.00000004,0,0.00000004,0.00000004,1,0,0,2.95,0.00000001,1] },
		{ r:0.0456, rMin:0.0361, l:0.9, cutoff:[0,1,0.00000001,0,-1,0,
 			-0.00000001,0,-0.00000001,-0.00000001,1,0,0,3.95,-0,1] },
	  ],
	  cuts:[ { r: 0.0811 }, { r: 0.0696 }, { r: 0.057 }, { r: 0.0483 }, { r: 0.037 }, ],
	},
	"4h5": { maxHeight:5.1305, baseRadius:0.0599, cut0Radius:0.0531,
	  logs:[
		{ r:0.0531, rMin:0.0462, l:0.9, cutoff:[-0,0.99999976,0.00068917,0,-0.99999976,0.00000047,
 			-0.00068917,0,-0.00068917,-0.00068917,0.99999953,0,0,0.95,0.00065541,1] },
		{ r:0.0453, rMin:0.0361, l:0.9, cutoff:[-0.00202694,0.99998715,-0.00464667,0,-0.99998715,-0.0020053,
 			0.00465605,0,0.00464667,0.00465605,0.99997836,0,-0.00101348,1.95,-0.00132337,1] },
	  ],
	  cuts:[ { r: 0.0562 }, { r: 0.0479 }, { r: 0.0371 }, ],
	},
	"4h3": { maxHeight:2.8716, baseRadius:0.0356, cut0Radius:0.0306,
	  logs:[
	  ],
	  cuts:[ { r: 0.0311 }, ],
	},
	"4h1": { maxHeight:1.4841, baseRadius:0.0195, cut0Radius:0.0161,
	  logs:[
	  ],
	  cuts:[ { r: 0.0164 }, ],
	},
  },


});
		
